0000000000000000000000000000
0000000000000000000000000000
0000000000000000000000000000
0000000000000000000000000000
0000000000000000000000000000
0000000000000000000000000000
0000000000000011100011100000
0000000000000000000000000000
0000000000001000010100001000
0000000000001000010100001000
0000000000001000010100001000
0000000000000011100011100000
0000000000000000000000000000
0000000000000011100011100000
0000000000001000010100001000
0000000000001000010100001000
0000000000001000010100001000
0000000000000000000000000000
0000000000000011100011100000